-3.13
-3.13
-3.13
-3.13
-3.13
-3.13
-3.13
-3.13
-3.13
-3.13
-3.13
-3.13
-3.13
-3.13
-3.13
-3.13
-3.13
-3.13
-3.13
-3.13
-3.13
-3.13
-3.13
-3.13
-3.13
-3.13
-3.13
-3.13
-3.13
-3.13
-3.13
-3.13
-3.13
-3.13
-3.13
-3.13
-3.13
-3.13
-3.13
-3.13
-3.13
-3.13
-3.13
-3.13
-3.13
-3.13
-3.13
-3.13
-3.13
-3.13
-3.13
-3.13
-3.13
-3.13
-3.13
-3.13
-3.13
-3.13
-3.13
-3.13
-3.13
-3.13
-3.13
-3.13
-3.13
-3.13
-3.13
-3.13
-3.13
-3.13
-3.13
-3.13
-3.13
-3.13
-3.13
-3.13
-3.13
-3.13
-3.13
-3.13
-3.13
-3.13
-3.13
-3.13
-3.13
-3.13
-3.13
-3.13
-3.13
-3.13
-3.13
-3.13
-3.13
-3.13
-3.13
-3.13
-3.13
-3.13
-3.13
-3.13
-3.13
-3.13
-3.13
-3.13
-3.13
-3.13
-3.13
-3.13
-3.13
-3.13
-3.13
-3.13
-3.13
-3.13
-3.13
-3.13
-3.13
-3.13
-3.13
-3.13
-3.13
-3.13
-3.13
-3.13
-3.13
-3.13
-3.13
-3.13
-3.13
-3.13
-3.13
-3.13
-3.13
-3.13
-3.13
-3.13
-3.13
-3.13
-3.13
-3.13
-3.13
-3.13
-3.13
-3.13
-3.13
-3.13
-3.13
-3.13
-3.13
-3.13
-3.13
-3.13
-3.13
-3.13
-3.13
-3.13
-3.13
-3.13
-3.13
-3.13
-3.13
-3.13
-3.13
-3.13
-3.13
-3.13
-3.13
-3.13
-3.13
-3.13
-3.13
-3.13
-3.13
-3.13
-3.13
-3.13
-3.13
-3.13
-3.13
-3.13
-3.13
-3.13
-3.13
-3.13
-3.13
-3.13
-3.13
-3.13
-3.13
-3.13
-3.13
-3.13
-3.13
-3.13
-3.13
-3.13
-3.13
-3.13
-3.13
-3.13
-3.13
-3.13
-3.13
-3.13
-3.13
-3.13
-3.13
-3.13
-3.13
-3.13
-3.13
-3.13
-3.13
-3.13
-3.13
-3.13
-3.13
-3.13
-3.13
-3.13
-3.13
-3.13
-3.13
-3.13
-3.13
-3.13
-3.13
-3.13
-3.13
-3.13
-3.13
-3.13
-3.13
-3.13
-3.13
-3.13
-3.13
-3.13
-3.13
-3.13
-3.13
-3.13
-3.13
-3.13
-3.13
-3.13
-3.13
-3.13
-3.13
-3.13
-3.13
-3.13
-3.13
-3.13
-3.13
-3.13
-3.13
-3.13
-3.13
-3.13
-3.13
-3.13
-3.13
-3.13
-3.13
-3.13
-3.13
-3.13
-3.13
-3.13
-3.13
-3.13
-3.13
-3.13
-3.13
-3.13
-3.13
-3.13
-3.13
-3.13
-3.13
-3.13
-3.13
-3.13
-3.13
-3.13
-3.13
-3.13
-3.13
-3.13
-3.13
-3.13
-3.13
-3.13
-3.13
-3.13
-3.13
-3.13
-3.13
-3.13
-3.13
-3.13
-3.13
-3.13
-3.13
-3.13
-3.13
-3.13
-3.13
-3.13
-3.13
-3.13
-3.13
-3.13
-3.13
-3.13
-3.13
-3.13
-3.13
-3.13
-3.13
-3.13
-3.13
-3.13
-3.13
-3.13
-3.13
-3.13
-3.13
-3.13
-3.13
-3.13
-3.13
-3.13
-3.13
-3.13
-3.13
-3.13
-3.13
-3.13
-3.13
-3.13
-3.13
-3.13
-3.13
-3.13
-3.13
-3.13
-3.13
-3.13
-3.13
-3.13
-3.13
-3.13
-3.13
-3.13
-3.13
-3.13
-3.13
-3.13
-3.13
-3.13
-3.13
-3.13
-3.13
-3.13
-3.13
-3.13
-3.13
-3.13
-3.13
-3.13
-3.13
-3.13
-3.13
-3.13
-3.13
-3.13
-3.13
-3.13
-3.13
-3.13
-3.13
-3.13
-3.13
-3.13
-3.13
-3.13
-3.13
-3.13
-3.13
-3.13
-3.13
-3.13
-3.13
-3.13
-3.13
-3.13
-3.13
-3.13
-3.13
-3.13
-3.13
-3.13
-3.13
-3.13
-3.13
-3.13
-3.13
-3.13
-3.13
-3.13
-3.13
-3.13
-3.13
-3.13
-3.13
-3.13
-3.13
-3.13
-3.13
-3.13
-3.13
-3.13
-3.13
-3.13
-3.13
-3.13
-3.13
-3.13
-3.13
-3.13
-3.13
-3.13
-3.13
-3.13
-3.13
-3.13
-3.13
-3.13
-3.13
-3.13
-3.13
-3.13
-3.13
-3.13
-3.13
-3.13
-3.13
-3.13
-3.13
-3.13
-3.13
-3.13
-3.13
-3.13
-3.13
-3.13
-3.13
-3.13
-3.13
-3.13
-3.13
-3.13
-3.13
-3.13
-3.13
-3.13
-3.13
-3.13
-3.13
-3.13
-3.13
-3.13
-3.13
-3.13
-3.13
-3.13
-3.13
-3.13
-3.13
-3.13
-3.13
-3.13
-3.13
-3.13
-3.13
-3.13
-3.13
-3.13
-3.13
-3.13
-3.13
-3.13
-3.13
-3.13
-3.13
-3.13
-3.13
-3.13
-3.13
-3.13
-3.13
-3.13
-3.13
-3.13
-3.13
-3.13
-3.13
-2.57
-2.57
-2.57
-2.57
-2.57
-2.57
-2.56
-2.56
-2.56
-2.56
-2.56
-2.56
-2.56
-2.56
-2.55
-2.55
-2.55
-0.94
-0.94
-0.94
-0.94
-0.93
-0.93
-0.93
-0.93
-0.93
-0.93
-0.92
-0.92
-0.92
-0.92
-0.92
-0.91
-0.91
1.23
1.23
1.23
1.23
1.23
1.24
1.24
1.24
1.24
1.24
1.25
1.25
1.25
1.25
1.26
1.26
1.26
1.26
1.26
1.27
1.35
1.35
1.35
1.34
1.34
1.34
1.34
1.34
1.34
1.34
1.34
1.33
1.33
1.33
1.33
1.33
1.33
1.33
1.33
1.32
-0.54
-0.54
-0.54
-0.54
-0.55
-0.55
-0.55
-0.55
-0.55
-0.56
-0.56
-0.56
-0.56
-0.57
-0.57
-0.57
-0.57
-0.33
-0.33
-0.33
-0.33
-0.33
-0.33
-0.32
-0.32
-0.32
-0.32
-0.32
-0.31
-0.31
-0.31
-0.31
-0.31
-0.31
1.87
1.87
1.88
1.88
1.88
1.88
1.88
1.89
1.89
1.89
1.89
1.90
1.90
1.90
1.90
1.90
1.91
1.91
1.91
1.91
2.19
2.19
2.19
2.19
2.19
2.19
2.18
2.18
2.18
2.18
2.18
2.18
2.18
2.18
2.18
2.17
2.17
2.17
2.17
2.17
0.53
0.53
0.53
0.53
0.52
0.52
0.52
0.52
0.52
0.52
0.51
0.51
0.51
0.51
0.51
0.51
0.50
0.50
0.50
0.50
-1.71
-1.71
-1.71
-1.71
-1.72
-1.72
-1.72
-1.72
-1.73
-1.73
-1.73
-1.73
-1.74
-1.74
-1.74
-1.74
-1.75
-1.82
-1.82
-1.82
-1.82
-1.82
-1.81
-1.81
-1.81
-1.81
-1.81
-1.81
-1.81
-1.80
-1.80
-1.80
-1.80
-1.80
-1.80
0.00
0.00
0.00
0.00
0.00
0.00
0.00
0.00
0.00
0.00
0.00
0.00
0.00
0.00
0.00
0.00
0.00
0.00
0.00
1.25
1.25
1.25
1.25
1.25
1.25
1.25
1.25
1.25
1.26
1.26
1.26
1.26
1.26
1.26
1.26
1.26
1.26
1.26
1.26
0.34
0.34
0.34
0.33
0.33
0.33
0.33
0.33
0.33
0.32
0.32
0.32
0.32
0.32
0.32
0.31
0.31
0.31
0.31
0.31
-1.87
-1.87
-1.87
-1.87
-1.87
-1.87
-1.88
-1.88
-1.88
-1.88
-1.89
-1.89
-1.89
-1.89
-1.90
-1.90
-1.90
-1.90
-2.02
-2.02
-2.01
-2.01
-2.01
-2.01
-2.01
-2.01
-2.01
-2.00
-2.00
-2.00
-2.00
-2.00
-2.00
-2.00
-1.99
-0.26
-0.26
-0.25
-0.25
-0.25
-0.25
-0.25
-0.24
-0.24
-0.24
-0.24
-0.24
-0.23
-0.23
-0.23
-0.23
-0.22
2.08
2.09
2.09
2.09
2.09
2.10
2.10
2.10
2.10
2.11
2.11
2.11
2.11
2.11
2.12
2.12
2.12
2.12
2.13
2.13
2.47
2.47
2.47
2.47
2.47
2.46
2.46
2.46
2.46
2.46
2.46
2.46
2.46
2.46
2.45
2.45
2.45
2.45
2.45
2.45
0.88
0.88
0.88
0.88
0.88
0.87
0.87
0.87
0.87
0.87
0.87
0.86
0.86
0.86
0.86
0.86
0.86
0.85
0.85
0.85
-1.27
-1.27
-1.27
-1.27
-1.28
-1.28
-1.28
-1.28
-1.29
-1.29
-1.29
-1.29
-1.30
-1.30
-1.30
-1.30
-1.31
-1.24
-1.24
-1.24
-1.24
-1.23
-1.23
-1.23
-1.23
-1.23
-1.23
-1.22
-1.22
-1.22
-1.22
-1.22
-1.22
-1.22
0.75
0.75
0.76
0.76
0.76
0.76
0.76
0.77
0.77
0.77
0.77
0.77
0.78
0.78
0.78
0.78
0.78
0.79
0.79
0.79
0.74
0.74
0.73
0.73
0.73
0.73
0.73
0.73
0.73
0.72
0.72
0.72
0.72
0.72
0.72
0.72
0.71
0.71
0.71
0.71
-1.30
-1.30
-1.30
-1.31
-1.31
-1.31
-1.31
-1.32
-1.32
-1.32
-1.32
-1.33
-1.33
-1.33
-1.33
-1.34
-1.34
-1.31
-1.30
-1.30
-1.30
-1.30
-1.30
-1.30
-1.29
-1.29
-1.29
-1.29
-1.29
-1.29
-1.29
-1.28
-1.28
-1.28
0.66
0.66
0.66
0.66
0.67
0.67
0.67
0.67
0.67
0.67
0.68
0.68
0.68
0.68
0.68
0.69
0.69
0.69
0.69
0.69
0.62
0.62
0.62
0.62
0.62
0.62
0.62
0.62
0.61
0.61
0.61
0.61
0.61
0.61
0.61
0.60
0.60
0.60
0.60
0.60
-1.43
-1.43
-1.43
-1.44
-1.44
-1.44
-1.44
-1.45
-1.45
-1.45
-1.45
-1.46
-1.46
-1.46
-1.46
-1.47
-1.47
-1.47
-1.45
-1.45
-1.45
-1.45
-1.45
-1.45
-1.45
-1.44
-1.44
-1.44
-1.44
-1.44
-1.44
-1.43
-1.43
-1.43
-1.43
0.47
0.47
0.47
0.48
0.48
0.48
0.48
0.48
0.49
0.49
0.49
0.49
0.49
0.50
0.50
0.50
0.50
0.50
0.51
0.51
0.42
0.42
0.42
0.41
0.41
0.41
0.41
0.41
0.41
0.41
0.40
0.40
0.40
0.40
0.40
0.40
0.40
0.39
0.39
0.39
-1.69
-1.69
-1.69
-1.70
-1.70
-1.70
-1.70
-1.71
-1.71
-1.71
-1.71
-1.72
-1.72
-1.72
-1.72
-1.73
-1.73
-1.79
-1.79
-1.79
-1.79
-1.78
-1.78
-1.78
-1.78
-1.78
-1.78
-1.78
-1.77
-1.77
-1.77
-1.77
-1.77
-1.77
0.00
0.00
0.00
0.00
0.00
0.00
0.00
0.00
0.00
0.00
0.00
0.00
0.00
0.00
0.00
0.00
0.00
0.00
0.00
0.00
1.30
1.30
1.30
1.30
1.30
1.30
1.30
1.30
1.30
1.30
1.30
1.30
1.30
1.30
1.30
1.31
1.31
1.31
1.31
1.31
0.40
0.40
0.39
0.39
0.39
0.39
0.39
0.39
0.39
0.38
0.38
0.38
0.38
0.38
0.38
0.37
0.37
0.37
0.37
0.37
-1.79
-1.80
-1.80
-1.80
-1.80
-1.81
-1.81
-1.81
-1.81
-1.82
-1.82
-1.82
-1.82
-1.83
-1.83
-1.83
-1.83
-1.94
-1.94
-1.94
-1.93
-1.93
-1.93
-1.93
-1.93
-1.93
-1.93
-1.92
-1.92
-1.92
-1.92
-1.92
-1.92
-1.92
-0.16
-0.16
-0.16
-0.15
-0.15
-0.15
-0.15
-0.14
-0.14
-0.14
-0.14
-0.14
-0.13
-0.13
-0.13
-0.13
-0.13
2.22
2.22
2.22
2.23
2.23
2.23
2.23
2.24
2.24
2.24
2.24
2.25
2.25
2.25
2.25
2.26
2.26
2.26
2.26
2.26
2.63
2.63
2.63
2.62
2.62
2.62
2.62
2.62
2.62
2.62
2.62
2.62
2.62
2.61
2.61
2.61
2.61
2.61
2.61
2.61
1.09
1.09
1.09
1.09
1.09
1.08
1.08
1.08
1.08
1.08
1.08
1.08
1.07
1.07
1.07
1.07
1.07
1.07
1.06
1.06
-1.00
-1.00
-1.00
-1.00
-1.01
-1.01
-1.01
-1.01
-1.02
-1.02
-1.02
-1.02
-1.03
-1.03
-1.03
-1.03
-1.03
-1.04
-0.93
-0.92
-0.92
-0.92
-0.92
-0.92
-0.92
-0.91
-0.91
-0.91
-0.91
-0.91
-0.91
-0.90
-0.90
-0.90
-0.90
1.13
1.13
1.14
1.14
1.14
1.14
1.14
1.15
1.15
1.15
1.15
1.16
1.16
1.16
1.16
1.16
1.17
1.17
1.17
1.17
1.22
1.22
1.22
1.22
1.21
1.21
1.21
1.21
1.21
1.21
1.21
1.21
1.20
1.20
1.20
1.20
1.20
1.20
1.20
1.20
-0.60
-0.60
-0.60
-0.61
-0.61
-0.61
-0.61
-0.61
-0.62
-0.62
-0.62
-0.62
-0.62
-0.62
-0.63
-0.63
-0.63
-1.88
-1.88
-1.88
-1.88
-1.88
-1.88
-1.88
-1.88
-1.88
-1.89
-1.89
-1.89
-1.89
-1.89
-1.89
-1.89
-1.89
-2.88
-2.88
-2.88
-2.89
-2.89
-2.89
-2.89
-2.89
-2.89
-2.89
-2.89
-2.89
-2.89
-2.90
-2.90
-2.90
-2.90
-3.71
-3.71
-3.71
-3.71
-3.71
-3.71
-3.72
-3.72
-3.72
-3.72
-3.72
-3.72
-3.72
-3.72
-3.72
-3.72
-3.72
-4.37
-4.37
-4.37
-4.37
-4.37
-4.37
-4.37
-4.37
-4.37
-4.37
-4.37
-4.37
-4.37
-4.38
-4.38
-4.38
-4.38
-4.85
-4.85
-4.85
-4.86
-4.86
-4.86
-4.86
-4.86
-4.86
-4.86
-4.86
-4.86
-4.86
-4.86
-4.86
-4.86
-4.86
-4.86
-5.19
-5.19
-5.19
-5.19
-5.19
-5.19
-5.19
-5.19
-5.19
-5.19
-5.19
-5.19
-5.19
-5.19
-5.19
-5.19
-5.19
-5.39
-5.39
-5.39
-5.39
-5.39
-5.39
-5.39
-5.39
-5.39
-5.39
-5.39
-5.39
-5.39
-5.39
-5.39
-5.39
-5.39
-5.45
-5.45
-5.45
-5.45
-5.45
-5.45
-5.45
-5.45
-5.45
-5.45
-5.45
-5.45
-5.45
-5.45
-5.45
-5.45
-5.45
-5.45
-5.45
-5.45
-5.45
-5.45
-5.45
-5.45
-5.45
-5.45
-5.45
-5.45
-5.45
-5.45
-5.45
-5.45
-5.45
-5.45
-5.45
-5.45
-5.45
-5.45
-5.45
-5.45
-5.45
-5.45
-5.45
-5.45
-5.45
-5.45
-5.45
-5.45
-5.45
-5.45
-5.45
-5.45
-5.45
-5.45
-5.45
-5.45
-5.45
-5.45
-5.45
-5.45
-5.45
-5.45
-5.45
-5.45
-5.45
-5.45
-5.45
-5.45
-5.45
-5.45
-5.45
-5.45
-5.45
-5.45
-5.45
-5.45
-5.45
-5.45
-5.45
-5.45
-5.45
-5.45
-5.45
-5.45
-5.45
-5.45
-5.45
-5.45
-5.45
-5.45
-5.45
-5.45
-5.45
-5.45
-5.45
-5.45
-5.45
-5.45
-5.45
-5.45
-5.45
-5.45
-5.45
-5.45
-5.45
-5.45
-5.45
-5.45
-5.45
-5.45
-5.45
-5.45
-5.45
-5.45
-5.45
-5.45
-5.45
-5.45
-5.45
-5.45
-5.45
-5.45
-5.45
-5.45
-5.45
-5.45
-5.45
-5.45
-5.45
-5.45
-5.45
-5.45
-5.45
-5.45
-5.45
-5.45
-5.45
-5.45
-5.45
-5.45
-5.45
-5.45
-5.45
-5.45
-5.45
-5.45
-5.45
-5.45
-5.45
-5.45
-5.45
-5.45
-5.45
-5.45
-5.45
-5.45
-5.45
-5.45
-5.45
-5.45
-5.45
-5.45
-5.45
-5.45
-5.45
-5.45
